route_id,service_id,trip_id,trip_headsign,trip_short_name,direction_id,block_id,shape_id,wheelchair_accessible,bikes_allowed
59,4,59_5905_4_27000,,,0,,shp_59_5905,0,0
59,5,59_5906_5_64500,,,1,,shp_59_5906,0,0
59,1,59_5902_1_39900,,,1,,shp_59_5902,0,0
59,4,59_5905_4_34200,,,0,,shp_59_5905,0,0
59,4,59_5906_4_68100,,,1,,shp_59_5906,0,0
59,1,59_5902_1_43800,,,1,,shp_59_5902,0,0
60,3,60_6001_3_36000,,,0,,shp_60_6001,0,0
60,6,60_6002_6_41400,,,1,,shp_60_6002,0,0
59,6,59_5905_6_30600,,,0,,shp_59_5905,0,0
59,5,59_5905_5_41400,,,0,,shp_59_5905,0,0
59,4,59_5906_4_45600,,,1,,shp_59_5906,0,0
60,6,60_6001_6_64800,,,0,,shp_60_6001,0,0
59,5,59_5905_5_30600,,,0,,shp_59_5905,0,0
59,1,59_5902_1_34200,,,1,,shp_59_5902,0,0
59,1,59_5901_1_49800,,,0,,shp_59_5901,0,0
60,3,60_6002_3_37800,,,1,,shp_60_6002,0,0
60,4,60_6002_4_52200,,,1,,shp_60_6002,0,0
59,4,59_5905_4_45000,,,0,,shp_59_5905,0,0
59,5,59_5905_5_27000,,,0,,shp_59_5905,0,0
60,3,60_6002_3_48600,,,1,,shp_60_6002,0,0
59,6,59_5906_6_46200,,,1,,shp_59_5906,0,0
59,4,59_5905_4_30000,,,0,,shp_59_5905,0,0
59,4,59_5906_4_43200,,,1,,shp_59_5906,0,0
59,6,59_5906_6_39000,,,1,,shp_59_5906,0,0
59,1,59_5901_1_42000,,,0,,shp_59_5901,0,0
60,6,60_6002_6_52200,,,1,,shp_60_6002,0,0
59,1,59_5901_1_38100,,,0,,shp_59_5901,0,0
59,5,59_5905_5_35400,,,0,,shp_59_5905,0,0
59,2,59_5906_2_40800,,,1,,shp_59_5906,0,0
59,4,59_5906_4_28800,,,1,,shp_59_5906,0,0
60,2,60_6001_2_50400,,,0,,shp_60_6001,0,0
60,6,60_6002_6_37800,,,1,,shp_60_6002,0,0
60,6,60_6001_6_46800,,,0,,shp_60_6001,0,0
59,4,59_5906_4_46500,,,1,,shp_59_5906,0,0
59,1,59_5901_1_30300,,,0,,shp_59_5901,0,0
59,5,59_5905_5_37800,,,0,,shp_59_5905,0,0
59,1,59_5901_1_63300,,,0,,shp_59_5901,0,0
59,6,59_5905_6_47400,,,0,,shp_59_5905,0,0
59,4,59_5905_4_32400,,,0,,shp_59_5905,0,0
60,6,60_6002_6_34200,,,1,,shp_60_6002,0,0
59,5,59_5905_5_34200,,,0,,shp_59_5905,0,0
59,5,59_5906_5_35700,,,1,,shp_59_5906,0,0
59,1,59_5903_1_26820,,,0,,shp_59_5903,0,0
59,4,59_5906_4_64500,,,1,,shp_59_5906,0,0
59,2,59_5905_2_46800,,,0,,shp_59_5905,0,0
59,5,59_5906_5_31800,,,1,,shp_59_5906,0,0
59,4,59_5905_4_63000,,,0,,shp_59_5905,0,0
60,3,60_6001_3_46800,,,0,,shp_60_6001,0,0
59,2,59_5905_2_42000,,,0,,shp_59_5905,0,0
59,1,59_5902_1_61200,,,1,,shp_59_5902,0,0
59,5,59_5905_5_33000,,,0,,shp_59_5905,0,0
59,2,59_5905_2_44400,,,0,,shp_59_5905,0,0
59,1,59_5902_1_28200,,,1,,shp_59_5902,0,0
59,4,59_5905_4_41400,,,0,,shp_59_5905,0,0
59,5,59_5905_5_63000,,,0,,shp_59_5905,0,0
59,4,59_5905_4_42000,,,0,,shp_59_5905,0,0
59,1,59_5902_1_47700,,,1,,shp_59_5902,0,0
59,6,59_5906_6_34200,,,1,,shp_59_5906,0,0
59,6,59_5905_6_45000,,,0,,shp_59_5905,0,0
59,4,59_5905_4_34800,,,0,,shp_59_5905,0,0
59,6,59_5905_6_37800,,,0,,shp_59_5905,0,0
59,4,59_5906_4_28500,,,1,,shp_59_5906,0,0
59,2,59_5906_2_45600,,,1,,shp_59_5906,0,0
60,6,60_6001_6_36000,,,0,,shp_60_6001,0,0
59,4,59_5906_4_42900,,,1,,shp_59_5906,0,0
60,6,60_6002_6_48600,,,1,,shp_60_6002,0,0
59,1,59_5902_1_30300,,,1,,shp_59_5902,0,0
59,2,59_5906_2_28800,,,1,,shp_59_5906,0,0
59,1,59_5904_1_68400,,,1,,shp_59_5904,0,0
59,5,59_5905_5_47400,,,0,,shp_59_5905,0,0
59,5,59_5906_5_32100,,,1,,shp_59_5906,0,0
59,1,59_5902_1_26400,,,1,,shp_59_5902,0,0
59,4,59_5905_4_66600,,,0,,shp_59_5905,0,0
59,6,59_5905_6_35400,,,0,,shp_59_5905,0,0
59,5,59_5905_5_48600,,,0,,shp_59_5905,0,0
59,2,59_5906_2_36000,,,1,,shp_59_5906,0,0
60,6,60_6001_6_50400,,,0,,shp_60_6001,0,0
59,4,59_5906_4_35700,,,1,,shp_59_5906,0,0
59,4,59_5905_4_44400,,,0,,shp_59_5905,0,0
59,5,59_5906_5_42900,,,1,,shp_59_5906,0,0
60,3,60_6001_3_64800,,,0,,shp_60_6001,0,0
59,4,59_5906_4_33600,,,1,,shp_59_5906,0,0
60,3,60_6002_3_34200,,,1,,shp_60_6002,0,0
59,6,59_5905_6_42600,,,0,,shp_59_5905,0,0
60,2,60_6002_2_52200,,,1,,shp_60_6002,0,0
59,6,59_5906_6_43800,,,1,,shp_59_5906,0,0
59,2,59_5906_2_43200,,,1,,shp_59_5906,0,0
59,5,59_5906_5_34200,,,1,,shp_59_5906,0,0
60,6,60_6001_6_32400,,,0,,shp_60_6001,0,0
59,4,59_5905_4_48600,,,0,,shp_59_5905,0,0
60,5,60_6001_5_50400,,,0,,shp_60_6001,0,0
59,6,59_5906_6_31800,,,1,,shp_59_5906,0,0
59,2,59_5905_2_39600,,,0,,shp_59_5905,0,0
59,1,59_5901_1_45900,,,0,,shp_59_5901,0,0
59,5,59_5906_5_46200,,,1,,shp_59_5906,0,0
59,1,59_5904_1_65100,,,1,,shp_59_5904,0,0
59,5,59_5906_5_36600,,,1,,shp_59_5906,0,0
59,4,59_5906_4_31200,,,1,,shp_59_5906,0,0
59,4,59_5905_4_46800,,,0,,shp_59_5905,0,0
59,6,59_5905_6_33000,,,0,,shp_59_5905,0,0
59,4,59_5905_4_39600,,,0,,shp_59_5905,0,0
60,3,60_6001_3_39600,,,0,,shp_60_6001,0,0
59,2,59_5906_2_33600,,,1,,shp_59_5906,0,0
59,4,59_5906_4_32100,,,1,,shp_59_5906,0,0
59,5,59_5905_5_66600,,,0,,shp_59_5905,0,0
59,5,59_5905_5_42600,,,0,,shp_59_5905,0,0
59,5,59_5906_5_28500,,,1,,shp_59_5906,0,0
59,2,59_5906_2_31200,,,1,,shp_59_5906,0,0
60,6,60_6001_6_39600,,,0,,shp_60_6001,0,0
60,3,60_6001_3_32400,,,0,,shp_60_6001,0,0
59,6,59_5906_6_36600,,,1,,shp_59_5906,0,0
60,5,60_6002_5_52200,,,1,,shp_60_6002,0,0
59,1,59_5901_1_32400,,,0,,shp_59_5901,0,0
59,1,59_5901_1_28500,,,0,,shp_59_5901,0,0
59,1,59_5903_1_66900,,,0,,shp_59_5903,0,0
59,5,59_5906_5_46500,,,1,,shp_59_5906,0,0
60,3,60_6002_3_41400,,,1,,shp_60_6002,0,0
59,5,59_5905_5_45000,,,0,,shp_59_5905,0,0
59,2,59_5905_2_30000,,,0,,shp_59_5905,0,0
59,5,59_5906_5_39000,,,1,,shp_59_5906,0,0
59,4,59_5906_4_40800,,,1,,shp_59_5906,0,0
60,3,60_6002_3_66600,,,1,,shp_60_6002,0,0
59,5,59_5906_5_43800,,,1,,shp_59_5906,0,0
59,2,59_5905_2_32400,,,0,,shp_59_5905,0,0
59,1,59_5902_1_51600,,,1,,shp_59_5902,0,0
60,4,60_6001_4_50400,,,0,,shp_60_6001,0,0
59,4,59_5905_4_30600,,,0,,shp_59_5905,0,0
59,2,59_5905_2_34800,,,0,,shp_59_5905,0,0
59,4,59_5906_4_36000,,,1,,shp_59_5906,0,0
59,5,59_5906_5_68100,,,1,,shp_59_5906,0,0
60,6,60_6002_6_66600,,,1,,shp_60_6002,0,0
